# Blackhole Presets v4
1 300 5.250 2 0 1
16

5500 1.50 0.35 1.8 8.0 0.90 0.60 2.5 2.20 1.60 7.0 5.0 1.40 0.000

4500 1.52 0.10 2.2 7.0 0.85 0.35 2.0 1.40 0.50 7.0 5.0 1.20 0.000

3800 0.55 -0.30 2.2 6.0 0.45 0.90 3.5 1.60 0.40 3.0 2.5 1.10 0.000

6500 0.30 0.00 3.0 10.0 0.50 0.80 2.5 1.00 1.10 7.0 5.0 1.00 0.000

15000 1.30 0.35 3.0 14.0 0.35 1.00 4.0 1.20 1.30 8.0 5.0 0.80 0.000

18000 1.05 0.55 3.0 16.0 0.30 1.00 5.0 1.00 1.50 9.0 6.0 0.75 0.000

5500 1.50 0.35 1.8 8.0 0.00 1.00 2.5 0.00 1.60 7.0 5.0 1.00 0.600

5500 1.50 0.35 1.8 8.0 0.90 0.60 2.5 2.20 1.60 7.0 5.0 1.40 0.000

3200 1.45 0.60 2.0 9.0 0.95 0.20 1.5 3.00 2.00 5.0 4.0 1.60 0.000

8000 1.20 -0.50 2.5 7.0 0.70 0.75 2.8 1.80 1.40 8.0 5.5 1.30 0.000

2500 1.55 0.20 1.6 6.0 0.60 0.10 1.2 2.60 1.80 4.0 3.0 1.50 0.000

12000 0.80 0.45 2.8 12.0 0.40 0.95 3.5 1.50 1.20 8.5 5.0 0.90 0.000

5000 0.10 0.00 2.0 9.0 0.85 0.50 2.0 1.30 1.50 6.0 4.5 1.10 0.000

22000 1.40 0.70 3.5 18.0 0.25 1.00 4.5 0.90 1.70 10.0 6.5 0.70 0.000

4200 1.48 0.15 1.9 7.5 0.80 0.45 2.2 2.00 0.80 6.5 4.8 1.25 0.000

9000 0.45 -0.15 2.6 11.0 0.55 0.85 3.0 1.10 1.30 7.5 5.2 1.05 0.000
